;;Express
::Zone::001
46
::Zone::002
11 12 15 16 19 23 24 31 32 33 34 40 43 47 48 63 81 82 87
::Zone::003
01 03 07 09 10 13 17 18 21 25 26 27 28 30 35 36 37 38 39 41 42 44 45 49 51 52 53 58 60 61 64 65 66 69 70 71 72 75 77 78 79 84 85 86 89 91 92 93 94 95
::Zone::004
02 04 05 06 08 14 20 22 29 50 54 55 56 57 59 62 67 68 73 74 76 80 83 88 90
::Weights
5 10 15 20 30 40 50 60 70 80 90 100 999999
::Rates
11.16 11.77 12.35 12.97 14.03 15.53 16.89 17.94  19.77  21.41  23.07  24.72  24.72
20.16 22.86 26.34 28.73 33.76 40.55 47.08 52.89  60.20  67.19  74.10  82.98  82.98
22.31 27.22 34.12 38.40 48.11 60.58 72.79 84.33  97.39 110.14 122.71 140.22 140.22
22.97 28.05 35.16 39.56 49.56 62.42 74.98 86.87 100.32 113.45 126.40 144.44 144.44

;;Messagerie
::Zone::001 
46
::Zone::002 
12 15 19 24 47 82
::Zone::003 
16 23 31 32 33 40 63 81 87
::Zone::004 
03 07 09 11 13 17 18 26 30 34 36 42 43 48 64 65 66 69 79 84 86
::Zone::005 
01 04 05 06 21 28 35 37 38 39 41 44 45 49 53 56 58 71 72 73 74 83 85 89
::Zone::006 
75 77 78 91 92 93 94 95
::Zone::007 
02 08 10 14 22 25 27 29 50 51 52 54 55 57 59 60 61 62 67 68 70 76 80 88 90
::Zone::006 
20
::Weights
9 19 29 39 49 59 69 79 89 100 999999
::Rates
 5.99  6.76  7.66  8.08  9.55 10.55 11.59 12.58 13.67 14.41 13.75
 7.66  9.05 10.76 11.41 13.32 14.74 15.87 17.23 18.73 19.61 18.73
 9.38 11.41 13.69 14.69 16.97 18.71 20.06 21.84 23.62 24.68 23.57
12.02 15.01 18.34 19.81 22.67 24.96 26.74 28.84 31.36 32.66 31.18
14.09 17.75 21.97 23.74 27.14 29.81 31.88 34.45 37.27 38.85 37.05
14.64 18.51 22.93 24.74 28.31 31.12 33.22 36.00 38.84 40.52 38.66
15.76 20.04 24.91 26.92 30.70 33.73 36.07 39.00 42.10 43.85 41.82
35.29 45.00 55.91 60.49 69.06 75.75 81.08 87.64 94.68 98.41 93.88

# ;;Pack 30
# ::Zone::001
# 03 12 15 16 17 18 19 23 24 33 36 42 43 46 47 48 63 82 86 87
# ::Zone::002
# 01 02 04 05 06 07 08 09 10 11 13 14 20 21 22 25 26 27 28 29 30 31 32 34 35 37 38 39 40 41 44 45 49 50 51 52 53 54 55 56 57 58 59 60 61 62 64 65 66 67 68 69 70 71 72 73 74 75 76 77 78 79 80 81 83 84 85 88 89 90 91 92 93 94 95
# ::Weights
# 5 10 15 20 30
# ::Rates
# 9.04 11.27 13.70 15.64 18.82
# 9.04 11.27 13.70 15.64 18.82
